DLMS_S01<- 17:42:48.159	7E A0 07 03 41 93 5A 64 7E
DLMS_R02-> 17:42:48.328	7E A0 1E 41 03 73 8E 7F 81 80 12 05 01 80 06 01 3E 07 04 00 00 00 01 08 04 00 00 00 01 07 22 7E
DLMS_S01<- 17:42:48.334	7E A0 44 03 41 10 B3 E1 E6 E6 00 60 36 A1 09 06 07 60 85 74 05 08 01 02 8A 02 07 80 8B 07 60 85 74 05 08 02 01 AC 0A 80 08 31 39 36 32 31 39 36 33 BE 10 04 0E 01 00 00 00 06 5F 1F 04 00 1C 03 20 FF FF AE E6 7E
DLMS_R02-> 17:42:48.677	7E A0 37 41 03 30 21 79 E6 E7 00 61 28 A1 09 06 07 60 85 74 05 08 01 02 A2 03 02 01 00 A3 05 A1 03 02 01 00 BE 0F 04 0D 08 00 06 5F 1F 04 00 18 02 20 09 60 FA 00 0A A8 7E
DLMS_S01<- 17:42:48.683	7E A0 11 03 41 32 E2 58 E6 E6 00 05 01 02 2B C0 BF 92 7E
DLMS_R02-> 17:42:48.850	7E A0 17 41 03 52 66 B6 E6 E7 00 0C 01 00 09 06 00 00 01 00 00 FF 0F E0 7E
DLMS_S01<- 17:42:48.855	7E A0 11 03 41 54 D2 5E E6 E6 00 05 01 02 2B C8 F7 1E 7E
DLMS_R02-> 17:42:49.111	7E A0 1D 41 03 74 FC 2E E6 E7 00 0C 01 00 09 0C 07 D0 02 02 03 04 04 39 FF 80 00 01 2F A2 7E
DLMS_S01<- 17:42:49.114	7E A0 11 03 41 76 C2 5C E6 E6 00 05 01 02 2B D0 3E 82 7E
DLMS_R02-> 17:42:49.281	7E A0 12 41 03 96 19 58 E6 E7 00 0C 01 00 10 FF C4 66 3A 7E
DLMS_S01<- 17:42:49.285	7E A0 11 03 41 98 B2 52 E6 E6 00 05 01 02 2B D8 76 0E 7E
DLMS_R02-> 17:42:49.452	7E A0 11 41 03 B8 A8 B5 E6 E7 00 0C 01 00 11 01 E1 75 7E
DLMS_S01<- 17:42:49.455	7E A0 11 03 41 BA A2 50 E6 E6 00 05 01 02 2B E0 BD B3 7E
DLMS_R02-> 17:42:49.703	7E A0 1D 41 03 DA 88 62 E6 E7 00 0C 01 00 09 0C FF FF 03 19 07 02 00 FF FF 80 00 FF 12 DB 7E
DLMS_S01<- 17:42:49.707	7E A0 11 03 41 DC 92 56 E6 E6 00 05 01 02 2B E8 F5 3F 7E
DLMS_R02-> 17:42:49.793	7E A0 1D 41 03 FC BC 26 E6 E7 00 0C 01 00 09 0C FF FF 0A 19 07 03 00 FF FF 80 00 FF C9 01 7E
DLMS_S01<- 17:42:49.797	7E A0 11 03 41 FE 82 54 E6 E6 00 05 01 02 2B F0 3C A3 7E
DLMS_R02-> 17:42:49.974	7E A0 11 41 03 1E 94 75 E6 E7 00 0C 01 00 0F 3C 06 90 7E
DLMS_S01<- 17:42:49.978	7E A0 11 03 41 10 F2 5A E6 E6 00 05 01 02 2B F8 74 2F 7E
DLMS_R02-> 17:42:50.064	7E A0 11 41 03 30 E8 BD E6 E7 00 0C 01 00 03 01 C0 D3 7E
DLMS_S01<- 17:42:50.068	7E A0 11 03 41 32 E2 58 E6 E6 00 05 01 02 2C 00 BB 19 7E
DLMS_R02-> 17:42:50.155	7E A0 11 41 03 52 FC FD E6 E7 00 0C 01 00 16 01 E9 38 7E
DLMS_S01<- 17:42:50.161	7E A0 17 03 41 54 48 15 E6 E6 00 05 03 02 98 68 02 99 30 02 99 F8 80 C4 7E
DLMS_R02-> 17:42:50.416	7E A0 23 41 03 74 4C CC E6 E7 00 0C 03 00 02 02 0F FE 16 23 00 02 02 0F FE 16 23 00 02 02 0F FE 16 23 00 0C 7E
DLMS_S01<- 17:42:50.421	7E A0 23 03 41 76 46 29 E6 E6 00 05 07 02 CB F8 02 CE 50 02 CC C0 02 CF 18 02 CF E0 02 CD 88 02 96 D8 0B 39 7E
DLMS_R02-> 17:42:50.829	7E A0 39 41 03 96 5F 17 E6 E7 00 0C 07 00 05 00 00 00 00 00 05 00 00 00 00 00 05 00 00 00 00 00 05 00 00 00 00 00 05 00 00 00 00 00 05 00 00 00 00 00 02 02 0F FE 16 FF 06 44 7E
DLMS_S01<- 17:42:50.833	7E A0 11 03 41 98 B2 52 E6 E6 00 05 01 02 CB F8 ED C6 7E
DLMS_R02-> 17:42:51.011	7E A0 14 41 03 B8 FF DB E6 E7 00 0C 01 00 05 00 00 00 00 26 9E 7E
DLMS_S01<- 17:42:51.015	7E A0 11 03 41 BA A2 50 E6 E6 00 05 01 02 CE 50 17 91 7E
DLMS_R02-> 17:42:51.100	7E A0 14 41 03 DA EB 9B E6 E7 00 0C 01 00 05 00 00 00 00 26 9E 7E
DLMS_S01<- 17:42:51.105	7E A0 11 03 41 DC 92 56 E6 E6 00 05 01 02 CC C0 2E 36 7E
DLMS_R02-> 17:42:51.191	7E A0 14 41 03 FC DF DF E6 E7 00 0C 01 00 05 00 00 00 00 26 9E 7E
DLMS_S01<- 17:42:51.195	7E A0 11 03 41 FE 82 54 E6 E6 00 05 01 02 CF 18 83 46 7E
DLMS_R02-> 17:42:51.281	7E A0 14 41 03 1E C3 1B E6 E7 00 0C 01 00 05 00 00 00 00 26 9E 7E
DLMS_S01<- 17:42:51.286	7E A0 11 03 41 10 F2 5A E6 E6 00 05 01 02 CF E0 44 3D 7E
DLMS_R02-> 17:42:51.382	7E A0 14 41 03 30 BF D3 E6 E7 00 0C 01 00 05 00 00 00 00 26 9E 7E
DLMS_S01<- 17:42:51.387	7E A0 11 03 41 32 E2 58 E6 E6 00 05 01 02 CD 88 BA E1 7E
DLMS_R02-> 17:42:51.483	7E A0 14 41 03 52 AB 93 E6 E7 00 0C 01 00 05 00 00 00 00 26 9E 7E
DLMS_S01<- 17:42:51.488	7E A0 11 03 41 54 D2 5E E6 E6 00 05 01 02 96 D8 60 84 7E
DLMS_R02-> 17:42:51.745	7E A0 15 41 03 74 24 CB E6 E7 00 0C 01 00 02 02 0F FE 16 FF 64 5E 7E
DLMS_S01<- 17:42:51.759	7E A0 1A 03 41 76 D7 9C E6 E6 00 05 04 02 17 80 02 19 D8 02 1C 30 02 1C F8 37 70 7E
DLMS_R02-> 17:42:52.007	7E A0 2A 41 03 96 33 F1 E6 E7 00 0C 04 00 02 02 0F FF 16 1E 00 02 02 0F FF 16 1E 00 02 02 0F FF 16 20 00 02 02 0F FF 16 20 EF C2 7E
DLMS_S01<- 17:42:52.012	7E A0 11 03 41 98 B2 52 E6 E6 00 05 01 02 2B C8 F7 1E 7E
DLMS_R02-> 17:42:52.268	7E A0 1D 41 03 B8 9C 22 E6 E7 00 0C 01 00 09 0C 07 D0 02 02 03 04 05 00 FF 80 00 01 B1 23 7E
DLMS_S01<- 17:42:52.282	7E A0 17 03 41 BA 38 1B E6 E6 00 05 03 02 98 60 02 99 28 02 99 F0 5D B0 7E
DLMS_R02-> 17:42:52.529	7E A0 20 41 03 DA F5 A5 E6 E7 00 0C 03 00 05 00 00 55 79 00 05 00 00 00 79 00 05 00 00 00 67 F0 1E 7E
DLMS_S01<- 17:42:52.542	7E A0 23 03 41 DC 16 23 E6 E6 00 05 07 02 CB F0 02 CE 48 02 CC B8 02 CF 10 02 CF D8 02 CD 80 02 96 D0 1D DB 7E
DLMS_R02-> 17:42:52.952	7E A0 38 41 03 FC B8 C7 E6 E7 00 0C 07 00 05 00 00 00 5E 00 05 00 00 00 4B 00 05 00 00 00 2F 00 05 00 00 00 0D 00 05 00 00 00 04 00 05 00 00 00 5C 00 05 00 00 00 C8 10 88 7E
DLMS_S01<- 17:42:52.962	7E A0 1A 03 41 FE 97 94 E6 E6 00 05 04 02 17 78 02 19 D0 02 1C 28 02 1C F0 A9 E0 7E
DLMS_R02-> 17:42:53.294	7E A0 36 41 03 1E E6 AD E6 E7 00 0C 04 00 14 00 00 00 00 0C F2 CF 88 00 14 00 00 00 00 00 00 00 8F 00 14 00 00 00 00 00 0B 38 C9 00 14 00 00 00 00 02 8D 8C 9A CC A0 7E
DLMS_S01<- 17:42:54.000	7E A0 11 03 41 10 F2 5A E6 E6 00 05 01 02 2B C8 F7 1E 7E
DLMS_R02-> 17:42:54.251	7E A0 1D 41 03 30 DC 2A E6 E7 00 0C 01 00 09 0C 07 D0 02 02 03 04 05 02 FF 80 00 01 39 35 7E
DLMS_S01<- 17:42:54.258	7E A0 17 03 41 32 78 13 E6 E6 00 05 03 02 98 60 02 99 28 02 99 F0 5D B0 7E
DLMS_R02-> 17:42:54.513	7E A0 20 41 03 52 B5 AD E6 E7 00 0C 03 00 05 00 00 55 88 00 05 00 00 00 79 00 05 00 00 00 68 29 A9 7E
DLMS_S01<- 17:42:54.523	7E A0 23 03 41 54 56 2B E6 E6 00 05 07 02 CB F0 02 CE 48 02 CC B8 02 CF 10 02 CF D8 02 CD 80 02 96 D0 1D DB 7E
DLMS_R02-> 17:42:54.936	7E A0 38 41 03 74 F8 CF E6 E7 00 0C 07 00 05 00 00 00 5E 00 05 00 00 00 4B 00 05 00 00 00 2F 00 05 00 00 00 0D 00 05 00 00 00 04 00 05 00 00 00 5C 00 05 00 00 00 C8 10 88 7E
DLMS_S01<- 17:42:54.945	7E A0 1A 03 41 76 D7 9C E6 E6 00 05 04 02 17 78 02 19 D0 02 1C 28 02 1C F0 A9 E0 7E
DLMS_R02-> 17:42:55.278	7E A0 36 41 03 96 A6 A5 E6 E7 00 0C 04 00 14 00 00 00 00 0C F2 CF 88 00 14 00 00 00 00 00 00 00 8F 00 14 00 00 00 00 00 0B 38 C9 00 14 00 00 00 00 02 8D 8C 9A CC A0 7E
DLMS_S01<- 17:42:56.000	7E A0 11 03 41 98 B2 52 E6 E6 00 05 01 02 2B C8 F7 1E 7E
DLMS_R02-> 17:42:56.254	7E A0 1D 41 03 B8 9C 22 E6 E7 00 0C 01 00 09 0C 07 D0 02 02 03 04 05 04 FF 80 00 01 A1 0E 7E
DLMS_S01<- 17:42:56.261	7E A0 17 03 41 BA 38 1B E6 E6 00 05 03 02 98 60 02 99 28 02 99 F0 5D B0 7E
DLMS_R02-> 17:42:56.516	7E A0 20 41 03 DA F5 A5 E6 E7 00 0C 03 00 05 00 00 55 8D 00 05 00 00 00 79 00 05 00 00 00 67 C7 42 7E
DLMS_S01<- 17:42:56.528	7E A0 23 03 41 DC 16 23 E6 E6 00 05 07 02 CB F0 02 CE 48 02 CC B8 02 CF 10 02 CF D8 02 CD 80 02 96 D0 1D DB 7E
DLMS_R02-> 17:42:56.939	7E A0 38 41 03 FC B8 C7 E6 E7 00 0C 07 00 05 00 00 00 5E 00 05 00 00 00 4B 00 05 00 00 00 2F 00 05 00 00 00 0D 00 05 00 00 00 04 00 05 00 00 00 5C 00 05 00 00 00 C8 10 88 7E
DLMS_S01<- 17:42:56.948	7E A0 1A 03 41 FE 97 94 E6 E6 00 05 04 02 17 78 02 19 D0 02 1C 28 02 1C F0 A9 E0 7E
DLMS_R02-> 17:42:57.282	7E A0 36 41 03 1E E6 AD E6 E7 00 0C 04 00 14 00 00 00 00 0C F2 CF 88 00 14 00 00 00 00 00 00 00 8F 00 14 00 00 00 00 00 0B 38 C9 00 14 00 00 00 00 02 8D 8C 9A CC A0 7E
DLMS_S01<- 17:42:58.001	7E A0 11 03 41 10 F2 5A E6 E6 00 05 01 02 2B C8 F7 1E 7E
DLMS_R02-> 17:42:58.257	7E A0 1D 41 03 30 DC 2A E6 E7 00 0C 01 00 09 0C 07 D0 02 02 03 04 05 06 FF 80 00 01 29 18 7E
DLMS_S01<- 17:42:58.264	7E A0 17 03 41 32 78 13 E6 E6 00 05 03 02 98 60 02 99 28 02 99 F0 5D B0 7E
DLMS_R02-> 17:42:58.518	7E A0 20 41 03 52 B5 AD E6 E7 00 0C 03 00 05 00 00 55 9B 00 05 00 00 00 79 00 05 00 00 00 67 F9 05 7E
