DLMS_S01<- 20:33:49.016	7E A0 07 03 21 53 03 C7 7E
