DLMS_R02-> 09:36:38.617	[23]	7E A0 15 23 03 30 F1 7F E6 E7 00 C4 01 81 00 06 00 00 00 35 55 B9 7E
DLMS_S01<- 09:36:38.620	1[27]	7E A0 19 03 23 32 DF EB E6 E6 00 C0 01 81 00 03 01 01 02 08 00 FF 02 00 9F 36 7E
DLMS_R02-> 09:36:38.724	[23]	7E A0 15 23 03 52 E5 3F E6 E7 00 C4 01 81 00 06 00 00 00 00 7B DF 7E
DLMS_S01<- 09:36:38.731	1[27]	7E A0 19 03 23 54 EF ED E6 E6 00 C0 01 81 00 03 01 01 24 07 00 FF 02 00 F9 C1 7E
DLMS_R02-> 09:36:38.900	[21]	7E A0 13 23 03 74 4B 30 E6 E7 00 C4 01 81 00 10 00 00 99 C5 7E
DLMS_S01<- 09:36:38.903	1[27]	7E A0 19 03 23 76 FF EF E6 E6 00 C0 01 81 00 03 01 01 97 07 00 FF 02 00 F6 0F 7E
DLMS_R02-> 09:36:39.004	[21]	7E A0 13 23 03 96 57 F4 E6 E7 00 C4 01 81 00 10 00 00 99 C5 7E
DLMS_S01<- 09:36:39.007	1[27]	7E A0 19 03 23 98 8F E1 E6 E6 00 C0 01 81 00 03 01 01 0E 07 00 FF 02 00 97 6D 7E
DLMS_R02-> 09:36:39.093	[21]	7E A0 13 23 03 B8 2B 3C E6 E7 00 C4 01 81 00 12 13 85 7D 1C 7E
DLMS_S01<- 09:36:39.096	1[27]	7E A0 19 03 23 BA 9F E3 E6 E6 00 C0 01 81 00 03 01 00 21 07 00 FF 02 00 AB 4A 7E
DLMS_R02-> 09:36:39.188	[21]	7E A0 13 23 03 DA 3F 7C E6 E7 00 C4 01 81 00 12 00 5F 53 DA 7E
DLMS_S01<- 09:36:40.004	1[27]	7E A0 19 03 23 DC AF E5 E6 E6 00 C0 01 81 00 08 00 00 01 00 00 FF 02 00 65 D7 7E
DLMS_R02-> 09:36:40.180	[32]	7E A0 1E 23 03 FC 84 B3 E6 E7 00 C4 01 81 00 09 0C 07 D0 01 01 01 16 0B 05 36 00 00 00 BE BB 7E
DLMS_S01<- 09:36:40.198	1[27]	7E A0 19 03 23 FE BF E7 E6 E6 00 C0 01 81 00 03 01 00 20 07 00 FF 02 00 80 4E 7E
DLMS_R02-> 09:36:40.376	[21]	7E A0 13 23 03 1E 17 FC E6 E7 00 C4 01 81 00 12 59 0F 39 8C 7E
DLMS_S01<- 09:36:40.380	1[27]	7E A0 19 03 23 10 CF E9 E6 E6 00 C0 01 81 00 03 01 00 1F 07 00 FF 02 00 D9 B4 7E
DLMS_R02-> 09:36:40.479	[21]	7E A0 13 23 03 30 6B 34 E6 E7 00 C4 01 81 00 12 00 03 BA 42 7E
DLMS_S01<- 09:36:40.482	1[27]	7E A0 19 03 23 32 DF EB E6 E6 00 C0 01 81 00 03 01 01 01 08 00 FF 02 00 E2 3A 7E
DLMS_R02-> 09:36:40.651	[23]	7E A0 15 23 03 52 E5 3F E6 E7 00 C4 01 81 00 06 00 00 00 35 55 B9 7E
DLMS_S01<- 09:36:40.654	1[27]	7E A0 19 03 23 54 EF ED E6 E6 00 C0 01 81 00 03 01 01 02 08 00 FF 02 00 9F 36 7E
DLMS_R02-> 09:36:40.743	[23]	7E A0 15 23 03 74 D1 7B E6 E7 00 C4 01 81 00 06 00 00 00 00 7B DF 7E
DLMS_S01<- 09:36:40.746	1[27]	7E A0 19 03 23 76 FF EF E6 E6 00 C0 01 81 00 03 01 01 24 07 00 FF 02 00 F9 C1 7E
DLMS_R02-> 09:36:40.922	[21]	7E A0 13 23 03 96 57 F4 E6 E7 00 C4 01 81 00 10 00 00 99 C5 7E
DLMS_S01<- 09:36:40.924	1[27]	7E A0 19 03 23 98 8F E1 E6 E6 00 C0 01 81 00 03 01 01 97 07 00 FF 02 00 F6 0F 7E
DLMS_R02-> 09:36:41.010	[21]	7E A0 13 23 03 B8 2B 3C E6 E7 00 C4 01 81 00 10 00 00 99 C5 7E
DLMS_S01<- 09:36:41.014	1[27]	7E A0 19 03 23 BA 9F E3 E6 E6 00 C0 01 81 00 03 01 01 0E 07 00 FF 02 00 97 6D 7E
DLMS_R02-> 09:36:41.102	[21]	7E A0 13 23 03 DA 3F 7C E6 E7 00 C4 01 81 00 12 13 84 F4 0D 7E
DLMS_S01<- 09:36:41.105	1[27]	7E A0 19 03 23 DC AF E5 E6 E6 00 C0 01 81 00 03 01 00 21 07 00 FF 02 00 AB 4A 7E
DLMS_R02-> 09:36:41.198	[21]	7E A0 13 23 03 FC 0B 38 E6 E7 00 C4 01 81 00 12 00 62 35 30 7E
DLMS_S01<- 09:36:42.002	1[27]	7E A0 19 03 23 FE BF E7 E6 E6 00 C0 01 81 00 08 00 00 01 00 00 FF 02 00 65 D7 7E
DLMS_R02-> 09:36:42.173	[32]	7E A0 1E 23 03 1E 98 77 E6 E7 00 C4 01 81 00 09 0C 07 D0 01 01 01 16 0B 07 34 00 00 00 40 94 7E
DLMS_S01<- 09:36:42.179	1[27]	7E A0 19 03 23 10 CF E9 E6 E6 00 C0 01 81 00 03 01 00 20 07 00 FF 02 00 80 4E 7E
DLMS_R02-> 09:36:42.350	[21]	7E A0 13 23 03 30 6B 34 E6 E7 00 C4 01 81 00 12 59 49 0B AB 7E
DLMS_S01<- 09:36:42.353	1[27]	7E A0 19 03 23 32 DF EB E6 E6 00 C0 01 81 00 03 01 00 1F 07 00 FF 02 00 D9 B4 7E
DLMS_R02-> 09:36:42.443	[21]	7E A0 13 23 03 52 7F 74 E6 E7 00 C4 01 81 00 12 00 03 BA 42 7E
DLMS_S01<- 09:36:42.446	1[27]	7E A0 19 03 23 54 EF ED E6 E6 00 C0 01 81 00 03 01 01 01 08 00 FF 02 00 E2 3A 7E
DLMS_R02-> 09:36:42.617	[23]	7E A0 15 23 03 74 D1 7B E6 E7 00 C4 01 81 00 06 00 00 00 35 55 B9 7E
DLMS_S01<- 09:36:42.619	1[27]	7E A0 19 03 23 76 FF EF E6 E6 00 C0 01 81 00 03 01 01 02 08 00 FF 02 00 9F 36 7E
DLMS_R02-> 09:36:42.709	[23]	7E A0 15 23 03 96 CD BF E6 E7 00 C4 01 81 00 06 00 00 00 00 7B DF 7E
DLMS_S01<- 09:36:42.712	1[27]	7E A0 19 03 23 98 8F E1 E6 E6 00 C0 01 81 00 03 01 01 24 07 00 FF 02 00 F9 C1 7E
DLMS_R02-> 09:36:42.885	[21]	7E A0 13 23 03 B8 2B 3C E6 E7 00 C4 01 81 00 10 00 00 99 C5 7E
DLMS_S01<- 09:36:42.887	1[27]	7E A0 19 03 23 BA 9F E3 E6 E6 00 C0 01 81 00 03 01 01 97 07 00 FF 02 00 F6 0F 7E
DLMS_R02-> 09:36:43.005	[21]	7E A0 13 23 03 DA 3F 7C E6 E7 00 C4 01 81 00 10 00 00 99 C5 7E
DLMS_S01<- 09:36:43.007	1[27]	7E A0 19 03 23 DC AF E5 E6 E6 00 C0 01 81 00 03 01 01 0E 07 00 FF 02 00 97 6D 7E
DLMS_R02-> 09:36:43.107	[21]	7E A0 13 23 03 FC 0B 38 E6 E7 00 C4 01 81 00 12 13 85 7D 1C 7E
DLMS_S01<- 09:36:43.109	1[27]	7E A0 19 03 23 FE BF E7 E6 E6 00 C0 01 81 00 03 01 00 21 07 00 FF 02 00 AB 4A 7E
DLMS_R02-> 09:36:43.204	[21]	7E A0 13 23 03 1E 17 FC E6 E7 00 C4 01 81 00 12 00 78 EE 8F 7E
DLMS_S01<- 09:36:44.004	1[27]	7E A0 19 03 23 10 CF E9 E6 E6 00 C0 01 81 00 08 00 00 01 00 00 FF 02 00 65 D7 7E
DLMS_R02-> 09:36:44.174	[32]	7E A0 1E 23 03 30 E4 BF E6 E7 00 C4 01 81 00 09 0C 07 D0 01 01 01 16 0B 09 35 00 00 00 43 E9 7E
DLMS_S01<- 09:36:44.186	1[27]	7E A0 19 03 23 32 DF EB E6 E6 00 C0 01 81 00 03 01 00 20 07 00 FF 02 00 80 4E 7E
DLMS_R02-> 09:36:44.353	[21]	7E A0 13 23 03 52 7F 74 E6 E7 00 C4 01 81 00 12 59 21 45 44 7E
DLMS_S01<- 09:36:44.356	1[27]	7E A0 19 03 23 54 EF ED E6 E6 00 C0 01 81 00 03 01 00 1F 07 00 FF 02 00 D9 B4 7E
DLMS_R02-> 09:36:44.445	[21]	7E A0 13 23 03 74 4B 30 E6 E7 00 C4 01 81 00 12 00 03 BA 42 7E
DLMS_S01<- 09:36:44.448	1[27]	7E A0 19 03 23 76 FF EF E6 E6 00 C0 01 81 00 03 01 01 01 08 00 FF 02 00 E2 3A 7E
DLMS_R02-> 09:36:44.618	[23]	7E A0 15 23 03 96 CD BF E6 E7 00 C4 01 81 00 06 00 00 00 35 55 B9 7E
DLMS_S01<- 09:36:44.621	1[27]	7E A0 19 03 23 98 8F E1 E6 E6 00 C0 01 81 00 03 01 01 02 08 00 FF 02 00 9F 36 7E
DLMS_R02-> 09:36:44.710	[23]	7E A0 15 23 03 B8 B1 77 E6 E7 00 C4 01 81 00 06 00 00 00 00 7B DF 7E
DLMS_S01<- 09:36:44.713	1[27]	7E A0 19 03 23 BA 9F E3 E6 E6 00 C0 01 81 00 03 01 01 24 07 00 FF 02 00 F9 C1 7E
DLMS_R02-> 09:36:44.886	[21]	7E A0 13 23 03 DA 3F 7C E6 E7 00 C4 01 81 00 10 00 00 99 C5 7E
DLMS_S01<- 09:36:44.888	1[27]	7E A0 19 03 23 DC AF E5 E6 E6 00 C0 01 81 00 03 01 01 97 07 00 FF 02 00 F6 0F 7E
DLMS_R02-> 09:36:45.006	[21]	7E A0 13 23 03 FC 0B 38 E6 E7 00 C4 01 81 00 10 00 00 99 C5 7E
DLMS_S01<- 09:36:45.008	1[27]	7E A0 19 03 23 FE BF E7 E6 E6 00 C0 01 81 00 03 01 01 0E 07 00 FF 02 00 97 6D 7E
DLMS_R02-> 09:36:45.098	[21]	7E A0 13 23 03 1E 17 FC E6 E7 00 C4 01 81 00 12 13 84 F4 0D 7E
DLMS_S01<- 09:36:45.100	1[27]	7E A0 19 03 23 10 CF E9 E6 E6 00 C0 01 81 00 03 01 00 21 07 00 FF 02 00 AB 4A 7E
DLMS_R02-> 09:36:45.189	[21]	7E A0 13 23 03 30 6B 34 E6 E7 00 C4 01 81 00 12 00 4B F6 8C 7E
DLMS_S01<- 09:36:46.004	1[27]	7E A0 19 03 23 32 DF EB E6 E6 00 C0 01 81 00 08 00 00 01 00 00 FF 02 00 65 D7 7E
DLMS_R02-> 09:36:46.171	[32]	7E A0 1E 23 03 52 F0 FF E6 E7 00 C4 01 81 00 09 0C 07 D0 01 01 01 16 0B 0B 35 00 00 00 CB FF 7E
DLMS_S01<- 09:36:46.177	1[27]	7E A0 19 03 23 54 EF ED E6 E6 00 C0 01 81 00 03 01 00 20 07 00 FF 02 00 80 4E 7E
DLMS_R02-> 09:36:46.348	[21]	7E A0 13 23 03 74 4B 30 E6 E7 00 C4 01 81 00 12 58 FA C3 35 7E
DLMS_S01<- 09:36:46.351	1[27]	7E A0 19 03 23 76 FF EF E6 E6 00 C0 01 81 00 03 01 00 1F 07 00 FF 02 00 D9 B4 7E
DLMS_R02-> 09:36:46.440	[21]	7E A0 13 23 03 96 57 F4 E6 E7 00 C4 01 81 00 12 00 03 BA 42 7E
DLMS_S01<- 09:36:46.443	1[27]	7E A0 19 03 23 98 8F E1 E6 E6 00 C0 01 81 00 03 01 01 01 08 00 FF 02 00 E2 3A 7E
DLMS_R02-> 09:36:46.612	[23]	7E A0 15 23 03 B8 B1 77 E6 E7 00 C4 01 81 00 06 00 00 00 35 55 B9 7E
DLMS_S01<- 09:36:46.615	1[27]	7E A0 19 03 23 BA 9F E3 E6 E6 00 C0 01 81 00 03 01 01 02 08 00 FF 02 00 9F 36 7E
DLMS_R02-> 09:36:46.704	[23]	7E A0 15 23 03 DA A5 37 E6 E7 00 C4 01 81 00 06 00 00 00 00 7B DF 7E
DLMS_S01<- 09:36:46.706	1[27]	7E A0 19 03 23 DC AF E5 E6 E6 00 C0 01 81 00 03 01 01 24 07 00 FF 02 00 F9 C1 7E
DLMS_R02-> 09:36:46.877	[21]	7E A0 13 23 03 FC 0B 38 E6 E7 00 C4 01 81 00 10 00 00 99 C5 7E
