DLMS_S01<- 10:35:08.204	7E A0 07 03 41 93 5A 64 7E
DLMS_R02-> 10:35:08.302	7E A0 1E 41 03 73 8E 7F 81 80 12 05 01 80 06 01 3E 07 04 00 00 00 01 08 04 00 00 00 01 07 22 7E
DLMS_S01<- 10:35:08.303	7E A0 44 03 41 10 B3 E1 E6 E6 00 60 36 A1 09 06 07 60 85 74 05 08 01 02 8A 02 07 80 8B 07 60 85 74 05 08 02 01 AC 0A 80 08 30 30 30 30 30 30 30 30 BE 10 04 0E 01 00 00 00 06 5F 1F 04 00 1C 03 20 FF FF 0B 87 7E
DLMS_R02-> 10:35:08.554	7E A0 37 41 03 30 21 79 E6 E7 00 61 28 A1 09 06 07 60 85 74 05 08 01 02 A2 03 02 01 00 A3 05 A1 03 02 01 00 BE 0F 04 0D 08 00 06 5F 1F 04 00 18 02 20 13 88 FA 00 66 78 7E
DLMS_S01<- 10:35:08.573	7E A0 11 03 41 32 E2 58 E6 E6 00 05 01 02 2B C0 BF 92 7E
DLMS_R02-> 10:35:08.750	7E A0 17 41 03 52 66 B6 E6 E7 00 0C 01 00 09 06 00 00 01 00 00 FF 0F E0 7E
DLMS_S01<- 10:35:08.754	7E A0 11 03 41 54 D2 5E E6 E6 00 05 01 02 2B C8 F7 1E 7E
DLMS_R02-> 10:35:08.918	7E A0 1D 41 03 74 FC 2E E6 E7 00 0C 01 00 09 0C 07 E1 0B 08 03 0A 21 11 FF 80 00 00 B1 F9 7E
DLMS_S01<- 10:35:08.919	7E A0 11 03 41 76 C2 5C E6 E6 00 05 01 02 2B D0 3E 82 7E
DLMS_R02-> 10:35:09.094	7E A0 12 41 03 96 19 58 E6 E7 00 0C 01 00 10 00 78 41 BA 7E
DLMS_S01<- 10:35:09.096	7E A0 11 03 41 98 B2 52 E6 E6 00 05 01 02 2B D8 76 0E 7E
DLMS_R02-> 10:35:09.261	7E A0 11 41 03 B8 A8 B5 E6 E7 00 0C 01 00 11 00 68 64 7E
DLMS_S01<- 10:35:09.262	7E A0 11 03 41 BA A2 50 E6 E6 00 05 01 02 2B E0 BD B3 7E
DLMS_R02-> 10:35:09.432	7E A0 1D 41 03 DA 88 62 E6 E7 00 0C 01 00 09 0C FF FF 03 19 07 03 00 FF FF 80 00 FF C7 44 7E
DLMS_S01<- 10:35:09.434	7E A0 11 03 41 DC 92 56 E6 E6 00 05 01 02 2B E8 F5 3F 7E
DLMS_R02-> 10:35:09.523	7E A0 1D 41 03 FC BC 26 E6 E7 00 0C 01 00 09 0C FF FF 0A 19 07 04 00 FF FF 80 00 FF D1 C6 7E
DLMS_S01<- 10:35:09.525	7E A0 11 03 41 FE 82 54 E6 E6 00 05 01 02 2B F0 3C A3 7E
DLMS_R02-> 10:35:09.695	7E A0 11 41 03 1E 94 75 E6 E7 00 0C 01 00 0F 3C 06 90 7E
DLMS_S01<- 10:35:09.696	7E A0 11 03 41 10 F2 5A E6 E6 00 05 01 02 2B F8 74 2F 7E
DLMS_R02-> 10:35:09.786	7E A0 11 41 03 30 E8 BD E6 E7 00 0C 01 00 03 01 C0 D3 7E
DLMS_S01<- 10:35:09.787	7E A0 11 03 41 32 E2 58 E6 E6 00 05 01 02 2C 00 BB 19 7E
DLMS_R02-> 10:35:09.877	7E A0 11 41 03 52 FC FD E6 E7 00 0C 01 00 16 01 E9 38 7E
DLMS_S01<- 10:35:09.892	7E A0 26 03 41 54 01 45 E6 E6 00 05 08 02 6A F0 02 6B 88 02 6C 20 02 73 40 02 75 A0 02 73 D8 02 74 70 02 75 08 FA 05 7E
DLMS_R02-> 10:35:10.139	7E A0 46 41 03 74 FF 3B E6 E7 00 0C 08 00 02 02 0F FF 16 23 00 02 02 0F FF 16 23 00 02 02 0F FF 16 23 00 02 02 0F 00 16 1B 00 02 02 0F 00 16 1D 00 02 02 0F 00 16 1B 00 02 02 0F 00 16 1B 00 02 02 0F 00 16 1B F9 F7 7E
DLMS_S01<- 10:35:10.145	7E A0 26 03 41 76 11 47 E6 E6 00 05 08 02 73 D8 02 74 70 02 75 08 02 3B 48 02 3B E0 02 3C 78 02 3D 10 02 6F 18 46 2C 7E
DLMS_R02-> 10:35:10.391	7E A0 46 41 03 96 E3 FF E6 E7 00 0C 08 00 02 02 0F 00 16 1B 00 02 02 0F 00 16 1B 00 02 02 0F 00 16 1B 00 02 02 0F FF 16 1E 00 02 02 0F FF 16 1E 00 02 02 0F FF 16 20 00 02 02 0F FF 16 20 00 02 02 0F FF 16 2C C7 0A 7E
DLMS_S01<- 10:35:10.396	7E A0 23 03 41 98 36 27 E6 E6 00 05 07 02 6D 50 02 6D E8 02 6E 80 02 7A F8 02 7B 90 02 7C 28 02 4C 30 38 A1 7E
DLMS_R02-> 10:35:10.642	7E A0 3F 41 03 B8 B9 94 E6 E7 00 0C 07 00 02 02 0F FE 16 21 00 02 02 0F FE 16 21 00 02 02 0F FE 16 21 00 02 02 0F FE 16 FF 00 02 02 0F FE 16 FF 00 02 02 0F FE 16 FF 00 02 02 0F 00 16 FF 49 CC 7E
DLMS_S01<- 10:35:10.644	7E A0 11 03 41 BA A2 50 E6 E6 00 05 01 02 2B C8 F7 1E 7E
DLMS_R02-> 10:35:10.813	7E A0 1D 41 03 DA 88 62 E6 E7 00 0C 01 00 09 0C 07 E1 0B 08 03 0A 21 13 FF 80 00 00 39 EF 7E
DLMS_S01<- 10:35:10.862	7E A0 26 03 41 DC 41 4D E6 E6 00 05 08 02 6A E8 02 6B 80 02 6C 18 02 73 38 02 75 98 02 73 D0 02 74 68 02 75 00 26 60 7E
DLMS_R02-> 10:35:11.117	7E A0 3E 41 03 FC 22 8C E6 E7 00 0C 08 00 05 00 00 08 2E 00 05 00 00 00 00 00 05 00 00 00 00 00 05 00 00 03 14 00 05 00 00 00 08 00 05 00 00 03 14 00 05 00 00 00 00 00 05 00 00 00 00 BC A8 7E
DLMS_S01<- 10:35:11.148	7E A0 26 03 41 FE 51 4F E6 E6 00 05 08 02 73 D0 02 74 68 02 75 00 02 3B 40 02 3B D8 02 3C 70 02 3D 08 02 6F 10 41 96 7E
DLMS_R02-> 10:35:11.398	7E A0 4E 41 03 1E 7B 12 E6 E7 00 0C 08 00 05 00 00 03 14 00 05 00 00 00 00 00 05 00 00 00 00 00 14 00 00 00 00 00 00 03 04 00 14 00 00 00 00 00 00 00 00 00 14 00 00 00 00 00 00 00 09 00 14 00 00 00 00 00 00 00 00 00 05 00 00 01 F3 B4 4B 7E
DLMS_S01<- 10:35:11.413	7E A0 23 03 41 10 76 2F E6 E6 00 05 07 02 6D 48 02 6D E0 02 6E 78 02 7A F0 02 7B 88 02 7C 20 02 4C 28 0F 2B 7E
DLMS_R02-> 10:35:11.660	7E A0 38 41 03 30 D8 CB E6 E7 00 0C 07 00 05 00 00 01 78 00 05 00 00 00 00 00 05 00 00 00 00 00 05 00 00 00 63 00 05 00 00 00 C8 00 05 00 00 00 C8 00 06 00 00 00 03 FC 1A 7E
DLMS_S01<- 10:35:12.007	7E A0 11 03 41 32 E2 58 E6 E6 00 05 01 02 2B C8 F7 1E 7E
DLMS_R02-> 10:35:12.201	7E A0 1D 41 03 52 C8 6A E6 E7 00 0C 01 00 09 0C 07 E1 0B 08 03 0A 21 14 FF 80 00 00 E5 DF 7E
DLMS_S01<- 10:35:12.209	7E A0 26 03 41 54 01 45 E6 E6 00 05 08 02 6A E8 02 6B 80 02 6C 18 02 73 38 02 75 98 02 73 D0 02 74 68 02 75 00 26 60 7E
DLMS_R02-> 10:35:12.462	7E A0 3E 41 03 74 62 84 E6 E7 00 0C 08 00 05 00 00 08 2C 00 05 00 00 00 00 00 05 00 00 00 00 00 05 00 00 03 12 00 05 00 00 00 09 00 05 00 00 03 12 00 05 00 00 00 00 00 05 00 00 00 00 89 E0 7E
DLMS_S01<- 10:35:12.485	7E A0 26 03 41 76 11 47 E6 E6 00 05 08 02 73 D0 02 74 68 02 75 00 02 3B 40 02 3B D8 02 3C 70 02 3D 08 02 6F 10 41 96 7E
DLMS_R02-> 10:35:12.735	7E A0 4E 41 03 96 3B 1A E6 E7 00 0C 08 00 05 00 00 03 13 00 05 00 00 00 00 00 05 00 00 00 00 00 14 00 00 00 00 00 00 03 09 00 14 00 00 00 00 00 00 00 00 00 14 00 00 00 00 00 00 00 09 00 14 00 00 00 00 00 00 00 00 00 05 00 00 01 F3 6B 62 7E
DLMS_S01<- 10:35:12.760	7E A0 23 03 41 98 36 27 E6 E6 00 05 07 02 6D 48 02 6D E0 02 6E 78 02 7A F0 02 7B 88 02 7C 20 02 4C 28 0F 2B 7E
DLMS_R02-> 10:35:13.011	7E A0 38 41 03 B8 98 C3 E6 E7 00 0C 07 00 05 00 00 01 78 00 05 00 00 00 00 00 05 00 00 00 00 00 05 00 00 00 63 00 05 00 00 00 C8 00 05 00 00 00 C8 00 06 00 00 00 03 FC 1A 7E
DLMS_S01<- 10:35:14.001	7E A0 11 03 41 BA A2 50 E6 E6 00 05 01 02 2B C8 F7 1E 7E
DLMS_R02-> 10:35:14.173	7E A0 1D 41 03 DA 88 62 E6 E7 00 0C 01 00 09 0C 07 E1 0B 08 03 0A 21 16 FF 80 00 00 6D C9 7E
DLMS_S01<- 10:35:14.177	7E A0 26 03 41 DC 41 4D E6 E6 00 05 08 02 6A E8 02 6B 80 02 6C 18 02 73 38 02 75 98 02 73 D0 02 74 68 02 75 00 26 60 7E
DLMS_R02-> 10:35:14.424	7E A0 3E 41 03 FC 22 8C E6 E7 00 0C 08 00 05 00 00 08 2C 00 05 00 00 00 00 00 05 00 00 00 00 00 05 00 00 03 12 00 05 00 00 00 09 00 05 00 00 03 12 00 05 00 00 00 00 00 05 00 00 00 00 89 E0 7E
DLMS_S01<- 10:35:14.437	7E A0 26 03 41 FE 51 4F E6 E6 00 05 08 02 73 D0 02 74 68 02 75 00 02 3B 40 02 3B D8 02 3C 70 02 3D 08 02 6F 10 41 96 7E
DLMS_R02-> 10:35:14.687	7E A0 4E 41 03 1E 7B 12 E6 E7 00 0C 08 00 05 00 00 03 13 00 05 00 00 00 00 00 05 00 00 00 00 00 14 00 00 00 00 00 00 03 0D 00 14 00 00 00 00 00 00 00 00 00 14 00 00 00 00 00 00 00 09 00 14 00 00 00 00 00 00 00 00 00 05 00 00 01 F3 35 9B 7E
DLMS_S01<- 10:35:14.699	7E A0 23 03 41 10 76 2F E6 E6 00 05 07 02 6D 48 02 6D E0 02 6E 78 02 7A F0 02 7B 88 02 7C 20 02 4C 28 0F 2B 7E
DLMS_R02-> 10:35:14.947	7E A0 38 41 03 30 D8 CB E6 E7 00 0C 07 00 05 00 00 01 78 00 05 00 00 00 00 00 05 00 00 00 00 00 05 00 00 00 63 00 05 00 00 00 C8 00 05 00 00 00 C8 00 06 00 00 00 03 FC 1A 7E
DLMS_S01<- 10:35:15.002	7E A0 11 03 41 32 E2 58 E6 E6 00 05 01 02 2B C8 F7 1E 7E
DLMS_R02-> 10:35:15.169	7E A0 1D 41 03 52 C8 6A E6 E7 00 0C 01 00 09 0C 07 E1 0B 08 03 0A 21 17 FF 80 00 00 29 C2 7E
DLMS_S01<- 10:35:15.172	7E A0 26 03 41 54 01 45 E6 E6 00 05 08 02 6A E8 02 6B 80 02 6C 18 02 73 38 02 75 98 02 73 D0 02 74 68 02 75 00 26 60 7E
DLMS_R02-> 10:35:15.420	7E A0 3E 41 03 74 62 84 E6 E7 00 0C 08 00 05 00 00 08 2C 00 05 00 00 00 00 00 05 00 00 00 00 00 05 00 00 03 13 00 05 00 00 00 08 00 05 00 00 03 13 00 05 00 00 00 00 00 05 00 00 00 00 16 72 7E
