DLMS_S01<- 19:10:52.036	7E A0 07 03 23 93 BF 32 7E
DLMS_S01<- 19:10:57.043	7E A0 07 03 23 93 BF 32 7E
DLMS_S01<- 19:11:02.048	7E A0 07 03 23 93 BF 32 7E
DLMS_S01<- 19:11:07.053	7E A0 07 03 23 93 BF 32 7E
